3.540 3.190 2.241 0.377 2.649 4.646 0.541 2.870 4.255 0.653 3.177 3.506
2.271 0.156 1.408 4.999 3.246 4.851 0.690 3.447 3.883 2.388 4.675 2.247
0.710 2.585 0.172 2.225 4.868 3.297 3.588 4.792 0.064 4.477 1.293 2.701
3.622 2.016 4.169 1.082 3.954 0.860 4.491 1.835 3.482 1.826 2.864 2.147
3.156 3.753 1.495 4.332 3.986 0.082 4.759 4.830 3.995 1.593 0.597 0.330
3.471 3.122 2.759 1.217 4.363 2.142 0.476 3.733 0.153 4.057 2.872 1.982
1.396 1.605 3.260 0.183 1.841 1.794 1.583 1.422 0.457 1.909 4.077 1.991
1.544 3.570 1.250 1.862 2.715 4.586 0.118 4.438 1.462 1.166 2.493 4.643
0.119 3.808 0.605 0.393 3.044 2.291 3.205 1.054 0.988 1.356 1.448 3.376
4.911 3.367 2.286 4.624 3.820 0.284 4.640 4.706 3.473 0.977 4.848 1.566
0.588 4.192 3.200 2.829 1.370 3.255 1.194 1.682 3.303 4.910 4.700 0.436
2.307 1.236 0.881 3.757 2.875 1.218 0.971 4.728 1.259 3.599 2.716 2.504
1.369 0.859 3.209 3.475 0.802 4.251 0.490 3.288 3.967 2.089 2.043 2.312
3.160 4.340 3.696 2.738 2.342 1.861 4.920 3.326 1.783 0.249 3.260 1.920
2.805 3.222 4.149 0.685 2.213 4.535 2.767 4.501 4.016 4.303 0.713 3.294
3.778 0.267 0.032 0.956 3.413 0.179 1.869 4.992 4.337 3.670 0.029 1.607
3.733 0.320 1.399 0.043 1.150 1.974 1.818 2.072 0.307 1.651 2.606 3.533
4.545 4.625 2.411 0.543 3.575 2.705 2.455 4.266 4.790 4.242 4.414 1.487
2.846 3.444 4.896 0.856 1.559 0.316 2.590 0.130 1.771 4.588 0.506 4.219
1.111 2.960 0.047 0.838 0.709 1.788 3.042 3.157 0.219 2.887 3.446 0.785
4.089 4.964 2.383 4.095 4.781 1.999 4.089 0.011 0.700 3.664 1.549 1.286
1.372 0.214 4.120 1.016 4.083 3.612 1.050 4.307 3.865 0.832 1.511 3.974
1.847 4.791 0.567 3.491 4.219 3.050 1.553 0.976 1.025 2.142 2.269 0.071
4.293 2.738 2.077 4.530 0.893 1.638 2.646 0.833 1.692 3.583 2.689 0.731
1.213 0.088 4.393 4.864 4.258 0.687 2.627 0.558 3.227 0.386 3.261 3.413
2.209 0.311 0.055 2.469 0.027 4.492 4.725 4.301 3.625 3.592 4.286 3.538
1.405 4.075 0.981 1.669 2.143 3.809 2.829 0.821 3.773 2.440 2.856 0.415
3.814 0.071 0.460 3.950 0.090 0.013 2.038 4.260 1.209 4.996 4.026 4.579
0.426 3.001 3.242 2.206 3.103 4.949 4.838 1.667 2.017 1.773 1.785 3.083
2.277 3.346 3.097 1.401 3.165 4.111 2.279 4.367 1.570 0.582 1.973 0.048
4.663 2.836 3.288 1.009 4.983 2.575 0.494 1.896 0.365 1.786 2.517 0.617
4.940 2.382 0.439 1.540 0.071 0.109 2.192 4.665 0.430 2.242 2.671 4.118
3.429 1.194 1.951 1.733 1.520 1.947 1.018 1.389 4.136 1.968 2.438 4.479
2.418 2.813 0.712 2.405 1.354 0.284 1.537 1.799 3.756 2.285 2.597 1.852
2.375 1.952 0.657 4.474 4.785 3.383 3.118 1.930 2.317 4.518 4.973 2.470
1.158 3.756 0.363 0.871 4.737 0.048 3.986 1.880 4.308 4.947 4.989 1.384
2.001 0.498 2.992 2.832 2.233 4.202 1.909 4.501 0.920 2.999 1.785 4.314
4.242 0.557 2.159 4.613 2.239 0.775 3.703 1.026 2.853 4.834 3.103 0.945
0.830 2.675 3.966 3.485 0.545 3.545 1.971 1.585 1.570 3.114 0.290 1.483
2.398 3.621 4.778 2.453 4.111 3.412 4.329 1.252 1.300 1.839 1.469 4.033
2.480 2.098 0.659 4.353 0.169 2.628 2.451 4.164 1.090 3.830 3.261 1.922
3.130 1.844 1.880 3.589 4.453 3.778 2.412 1.821 1.879 0.601 4.743 4.148
4.116 1.331 0.663 2.353 3.485 3.212 2.475 3.877 2.680 3.386 4.941 3.735
3.381 2.301 4.146 0.344 2.023 3.801 3.549 3.469 0.094 3.578 1.070 2.732
3.484 0.790 1.409 2.789 2.473 4.110 0.682 4.174 0.280 0.437 0.535 3.349
4.415 4.477 0.812 4.629 1.636 1.837 2.707 3.658 4.224 4.730 1.913 3.940
3.278 0.753 1.134 0.732 0.514 1.672 3.427 3.478 1.902 1.003 4.709 4.173
2.129 2.275 3.818 0.703 1.760 0.954 4.079 3.188 4.582 4.994 2.934 4.993
0.965 4.322 2.652 1.717 0.621 3.619 2.803 2.600 1.510 1.467 2.619 1.311
4.994 4.880 2.248 1.243 3.109 3.959 1.386 2.304 0.036 0.925 1.510 4.597
3.817 1.759 2.673 0.214 4.158 1.560 4.336 2.381 0.480 1.501 0.610 1.966
2.131 2.843 1.631 4.080 3.394 3.130 4.909 3.976 2.617 1.869 4.399 4.143
0.509 0.270 3.699 3.622 1.448 2.945 0.028 3.996 0.364 2.835 4.496 3.919
2.922 3.386 2.915 2.452 1.969 4.004 4.675 2.224 0.994 4.512 2.477 1.669
4.003 4.004 0.087 4.938 3.712 3.658 3.857 1.181 3.153 4.810 1.379 2.697
2.152 2.144 4.733 1.820 2.836 4.917 1.621 0.111 4.304 4.957 3.158 2.040
0.400 2.657 1.672 0.990 3.247 3.292 0.053 0.862 2.828 3.057 3.465 4.750
4.151 2.541 1.275 4.322 0.651 0.733 1.994 0.672 0.207 4.328 0.699 3.178
0.060 2.774 2.828 2.368 4.262 2.808 4.675 3.937 4.417 0.221 0.100 4.296
3.925 4.259 2.646 2.706 3.611 3.684 2.186 1.683 2.461 2.517 0.484 2.943
1.657 3.034 3.336 0.457 3.943 2.058 3.855 2.293 2.011 3.452 4.966 4.859
1.179 2.807 2.710 1.511 3.866 0.463 1.282 4.440 1.125 1.093 3.155 3.126
3.974 3.632 3.896 0.798 4.010 4.633 1.328 3.803 3.291 0.632 0.664 0.456
2.893 1.056 0.904 1.970 4.496 0.133 3.524 3.536 2.719 2.699 0.387 4.557
4.705 0.056 0.409 1.838 0.002 2.155 1.392 0.049 3.856 3.773 3.665 1.233
2.120 3.794 4.937 2.525 1.647 4.377 4.572 0.278 2.127 0.805 3.599 2.382
0.856 0.584 2.379 1.581 1.034 1.261 3.137 3.620 2.540 2.172 3.827 1.380
3.566 2.780 0.334 4.756 0.181 4.159 0.590 4.332 3.549 1.010 3.959 4.756
1.656 1.273 0.596 0.722 0.395 3.910 0.253 3.645 0.851 1.677 4.511 3.154
0.514 3.149 1.755 4.135 4.328 3.841 2.610 4.596 4.124 2.534 2.335 3.704
0.693 0.039 4.802 3.109 4.015 4.427 1.649 0.053 4.284 3.276 1.078 3.288
3.420 3.864 0.449 0.087 2.640 4.028 4.760 3.779 1.801 0.511 4.715 4.162
3.369 1.649 1.663 4.444 2.539 2.565 0.447 0.981 0.633 2.372 4.717 2.985
1.191 4.377 1.417 2.018 3.277 3.630 3.182 3.633 2.031 2.861 4.035 2.514
0.953 1.334 0.653 0.646 2.140 1.602 0.864 2.412 3.288 3.632 4.390 3.011
3.219 4.018 4.209 2.139 3.729 3.284 3.946 4.302 4.778 2.345 4.014 4.932
3.586 0.456 1.365 1.534 2.113 0.472 2.903 3.086 0.898 4.930 4.956 2.024
2.878 4.993 0.137 1.843 1.991 1.208 0.558 1.849 0.306 2.689 1.427 0.590
2.473 3.575 3.525 2.523 0.880 3.810 2.861 2.033 1.916 0.392 2.537 3.136
3.608 1.899 0.103 3.384 0.927 1.416 1.169 0.671 4.570 2.455 0.474 4.393
2.864 1.331 1.487 4.747 0.665 4.206 4.089 2.679 4.879 1.754 1.106 0.271
4.120 4.588 3.857 3.380 3.300 1.665 2.301 0.147 3.149 4.069 4.873 0.307
2.360 0.864 3.779 0.761 4.535 4.857 1.477 0.123 1.272 4.442 3.351 0.776
1.612 3.108 1.131 1.296
